1000 1000
321 326 379 563 943 



834 
15 


723 
174 
481 
43 635 
210 
758 

507 
225 
808 
471 753 


267 486 
59 
762 
89 
389 937 
301 

28 
238 560 

118 
155 

686 765 
952 
507 809 956 
538 

3 

849 
625 
256 751 



925 

52 155 965 
197 749 
81 
172 221 

31 


116 482 709 837 

523 


126 304 625 787 
348 



136 

168 518 746 


392 

234 
365 



592 

115 310 517 604 
436 
801 
309 328 341 

516 
809 854 
920 
611 
685 859 
90 981 

575 
540 650 
900 

772 903 
326 426 487 

98 347 460 509 955 



876 


93 499 742 

54 540 

570 884 


372 
142 561 
821 
159 





438 769 
140 334 896 915 

594 
151 411 951 
140 258 689 

905 
3 

344 388 649 
182 547 760 834 
709 
361 
692 
226 
695 
969 
154 
67 493 631 
12 



224 




622 997 
944 
174 336 387 978 
794 
609 
682 730 
726 
152 263 


943 
467 
24 524 
987 


682 
171 498 
957 
296 359 777 
428 737 
848 
208 345 

484 
901 

378 419 
744 


40 378 
196 
898 
882 
640 862 

275 560 
96 141 426 
64 
730 
501 

640 

508 
325 591 661 
553 982 


507 


60 128 359 961 
302 
760 

582 

343 369 

187 855 
356 
128 
340 
519 837 
22 
625 

661 
300 



587 635 
366 799 

374 

22 140 
205 

41 333 
794 
16 561 

972 



159 

712 
182 



991 

350 

893 
674 




64 

43 
684 

736 
378 
429 
224 295 

72 219 
369 700 985 

123 
777 

408 
179 

198 
991 
543 
621 743 876 
259 
73 

430 931 
442 
984 

110 484 845 
951 
376 
148 792 796 973 

18 
599 
826 987 
33 
191 
344 
507 
281 
626 
34 334 
957 
31 926 
684 

95 594 
588 
956 
811 
387 887 
858 
477 
371 436 
915 
313 493 


681 737 827 
256 

51 
383 744 
785 984 
260 887 







4 699 
423 
211 506 
929 
567 581 990 
465 693 705 767 881 
150 423 926 
447 
588 640 
38 336 


108 236 684 

173 462 612 
314 916 
132 237 
113 

300 427 
245 762 
642 805 
953 



89 118 
84 529 
28 
498 
490 
748 
516 
989 
299 530 632 
918 

419 

31 
459 

543 

448 
322 489 551 770 

15 
293 422 445 
20 887 


493 






457 578 791 

834 
45 82 
417 
831 
218 
551 


652 817 
723 



330 

261 

128 480 539 
527 959 
922 


665 840 885 
354 


160 668 920 973 
270 



68 

404 483 777 798 


463 
535 552 
491 664 
365 379 

461 
229 264 854 

335 
730 


580 764 
620 627 
757 
340 

873 



900 




133 833 
357 

305 
695 

99 
770 
315 452 

602 
72 157 
239 
184 
730 
979 

122 
324 




167 
676 

777 
132 756 
7 949 
254 
416 473 803 


500 927 
173 
549 610 
359 432 
182 294 820 
541 
419 441 
354 

352 371 912 978 
47 682 


20 888 
614 630 808 
140 180 
11 416 




36 
91 957 
632 

488 
3 87 

566 
743 861 
321 564 
158 
88 466 606 
691 870 
58 591 
491 895 

567 
190 428 840 872 

841 

123 197 


15 135 
128 905 
741 


427 722 
570 717 
465 
75 582 
541 
785 

273 408 
296 


977 

198 564 
539 
673 
903 
89 830 


627 
920 
425 
50 861 


977 
430 698 747 857 

129 233 364 539 560 

662 

329 715 958 
492 

338 

530 
885 


546 622 

802 
393 776 
966 
280 

387 655 769 
255 342 




1000 
331 535 816 982 



37 

982 
662 
852 
11 802 
261 841 
479 
863 

970 


392 539 
169 974 



246 439 644 

410 434 
568 
795 829 
588 

386 



350 570 764 
85 
594 674 

686 
648 

91 

172 271 668 
399 
43 279 
722 736 903 

439 
591 803 
473 

539 971 

422 815 
293 
150 
572 757 
261 934 



98 567 

10 920 
164 
91 731 
483 


512 
12 


83 162 451 


851 

336 979 

369 
141 235 

142 


212 341 391 


87 
126 843 



60 627 


335 634 

11 



44 706 
46 
704 


912 
229 405 

744 
417 716 724 
166 928 
19 221 293 733 

270 
373 


362 
31 
217 
281 
434 
905 
288 
325 
755 

475 584 995 

807 



156 239 830 
800 
820 
305 603 


752 
13 
412 

331 
145 173 492 


569 

422 


531 
410 
249 
400 534 


315 

359 

991 
776 973 
634 678 927 
229 
987 


896 

285 519 

726 
644 
446 
983 
405 806 
100 916 


72 709 
440 
283 531 
351 
22 538 


232 
585 721 798 
74 141 
264 903 


336 440 
500 569 698 
571 
405 724 
221 721 749 


68 
677 


572 
251 883 935 
376 
811 



466 501 
380 
669 684 858 
368 714 
571 


106 429 
337 600 

458 
983 
287 930 

543 
233 998 
127 

391 672 


787 877 
199 
870 


563 



351 
869 

761 

452 730 
614 

238 
180 256 
365 
851 
967 
367 
748 
418 
628 745 
396 
829 937 
143 
907 
124 171 
401 

561 690 


504 

997 
281 
909 
459 607 638 



314 901 
306 729 813 
621 635 

931 
788 
617 765 



413 
226 611 

755 977 

526 552 617 822 





161 487 714 716 
423 552 997 

166 512 
869 

819 
691 

960 
854 

529 

160 



90 553 
997 


225 
556 821 

604 
629 638 
158 292 
467 

530 
803 
423 627 
18 54 88 
4 61 383 
485 798 895 


108 
571 866 
558 
203 764 812 
668 
294 
281 

203 
784 
291 
952 
795 
121 290 356 530 
31 
874 
13 18 
636 
444 529 787 
148 615 
874 
205 
18 499 
774 
934 
755 
298 
56 



227 913 
377 
536 637 711 
353 863 


132 402 

189 
541 
686 


394 
476 
182 

659 697 
958 

857 889 
395 
868 
584 
377 

206 919 
5 355 
423 
282 368 
284 

218 220 221 222 223 224 225 226 228 230 231 234 236 238 242 243 244 246 248 250 252 254 256 258 260 262 264 268 269 270 274 275 278 280 282 283 284 285 286 288 289 290 294 295 296 297 298 299 300 301 302 303 304 305 306 307 308 309 310 311 312 313 314 316 317 318 319 320 321 324 325 326 328 330 331 332 333 334 335 336 337 338 339 340 342 344 346 352 354 356 358 360 362 366 368 377 378 379 380 381 382 383 386 387 389 390 391 392 396 397 401 403 406 408 409 410 411 412 413 415 420 421 424 425 426 427 428 430 431 434 435 436 438 440 443 444 445 446 447 454 456 458 460 461 462 464 466 468 470 472 474 475 476 478 480 482 484 486 488 489 490 492 494 496 498 500 502 503 504 506 508 510 512 514 516 517 528 530 531 532 533 534 535 536 537 538 540 541 542 543 544 545 546 547 548 549 550 551 552 553 554 555 556 557 558 559 560 561 562 563 564 565 566 567 568 569 570 571 572 573 574 575 576 577 578 580 582 583 584 585 586 588 589 590 591 592 593 594 595 597 598 599 600 601 602 603 604 605 606 608 610 613 614 615 616 617 620 621 622 623 624 625 626 628 629 630 631 632 633 634 635 636 638 639 640 641 642 643 644 645 646 647 648 649 650 651 652 653 654 655 656 658 660 662 663 664 665 666 667 668 669 670 671 672 673 675 676 678 679 680 684 686 687 688 689 690 691 694 695 696 697 698 700 701 702 703 704 705 706 707 708 710 711 712 713 714 715 716 717 718 719 720 721 722 723 724 725 726 727 728 730 732 733 734 735 736 737 738 740 741 742 743 744 745 746 747 748 750 751 752 753 754 755 756 757 758 759 760 761 762 764 766 767 768 770 772 774 775 776 777 778 779 780 781 782 783 784 785 788 792 796 797 798 799 800 801 802 803 806 807 808 809 810 811 812 814 815 816 820 822 823 824 825 826 827 832 833 834 835 836 837 838 839 840 842 844 846 847 848 849 850 851 852 853 854 855 856 857 858 859 874 876 878 879 880 881 882 884 886 887 888 893 894 895 896 897 898 899 933 934 935 964 965 966 967 968 969 970 971 972 973 974 975 976 977 978 979 982 983 984 986 988 990 992 994 995 996 998 1000 
1000 1000
321 326 379 563 943 



834 
15 


723 
174 
481 
43 635 
210 
758 

507 
225 
808 
471 753 


267 486 
59 
762 
89 
389 937 
301 

28 
238 560 

118 
155 

686 765 
952 
507 809 956 
538 

3 

849 
625 
256 751 



925 

52 155 965 
197 749 
81 
172 221 

31 


116 482 709 837 

523 


126 304 625 787 
348 



136 

168 518 746 


392 

234 
365 



592 

115 310 517 604 
436 
801 
309 328 341 

516 
809 854 
920 
611 
685 859 
90 981 

575 
540 650 
900 

772 903 
326 426 487 

98 347 460 509 955 



876 


93 499 742 

54 540 

570 884 


372 
142 561 
821 
159 





438 769 
140 334 896 915 

594 
151 411 951 
140 258 689 

905 
3 

344 388 649 
182 547 760 834 
709 
361 
692 
226 
695 
969 
154 
67 493 631 
12 



224 




622 997 
944 
174 336 387 978 
794 
609 
682 730 
726 
152 263 


943 
467 
24 524 
987 


682 
171 498 
957 
296 359 777 
428 737 
848 
208 345 

484 
901 

378 419 
744 


40 378 
196 
898 
882 
640 862 

275 560 
96 141 426 
64 
730 
501 

640 

508 
325 591 661 
553 982 


507 


60 128 359 961 
302 
760 

582 

343 369 

187 855 
356 
128 
340 
519 837 
22 
625 

661 
300 



587 635 
366 799 

374 

22 140 
205 

41 333 
794 
16 561 

972 



159 

712 
182 



991 

350 

893 
674 




64 

43 
684 

736 
378 
429 
224 295 

72 219 
369 700 985 

123 
777 

408 
179 

198 
991 
543 
621 743 876 
259 
73 

430 931 
442 
984 

110 484 845 
951 
376 
148 792 796 973 

18 
599 
826 987 
33 
191 
344 
507 
281 
626 
34 334 
957 
31 926 
684 

95 594 
588 
956 
811 
387 887 
858 
477 
371 436 
915 
313 493 


681 737 827 
256 

51 
383 744 
785 984 
260 887 







4 699 
423 
211 506 
929 
567 581 990 
465 693 705 767 881 
150 423 926 
447 
588 640 
38 336 


108 236 684 

173 462 612 
314 916 
132 237 
113 

300 427 
245 762 
642 805 
953 



89 118 
84 529 
28 
498 
490 
748 
516 
989 
299 530 632 
918 

419 

31 
459 

543 

448 
322 489 551 770 

15 
293 422 445 
20 887 


493 






457 578 791 

834 
45 82 
417 
831 
218 
551 


652 817 
723 



330 

261 

128 480 539 
527 959 
922 


665 840 885 
354 


160 668 920 973 
270 



68 

404 483 777 798 


463 
535 552 
491 664 
365 379 

461 
229 264 854 

335 
730 


580 764 
620 627 
757 
340 

873 



900 




133 833 
357 

305 
695 

99 
770 
315 452 

602 
72 157 
239 
184 
730 
979 

122 
324 




167 
676 

777 
132 756 
7 949 
254 
416 473 803 


500 927 
173 
549 610 
359 432 
182 294 820 
541 
419 441 
354 

352 371 912 978 
47 682 


20 888 
614 630 808 
140 180 
11 416 




36 
91 957 
632 

488 
3 87 

566 
743 861 
321 564 
158 
88 466 606 
691 870 
58 591 
491 895 

567 
190 428 840 872 

841 

123 197 


15 135 
128 905 
741 


427 722 
570 717 
465 
75 582 
541 
785 

273 408 
296 


977 

198 564 
539 
673 
903 
89 830 


627 
920 
425 
50 861 


977 
430 698 747 857 

129 233 364 539 560 

662 

329 715 958 
492 

338 

530 
885 


546 622 

802 
393 776 
966 
280 

387 655 769 
255 342 




1000 
331 535 816 982 



37 

982 
662 
852 
11 802 
261 841 
479 
863 

970 


392 539 
169 974 



246 439 644 

410 434 
568 
795 829 
588 

386 



350 570 764 
85 
594 674 

686 
648 

91 

172 271 668 
399 
43 279 
722 736 903 

439 
591 803 
473 

539 971 

422 815 
293 
150 
572 757 
261 934 



98 567 

10 920 
164 
91 731 
483 


512 
12 


83 162 451 


851 

336 979 

369 
141 235 

142 


212 341 391 


87 
126 843 



60 627 


335 634 

11 



44 706 
46 
704 


912 
229 405 

744 
417 716 724 
166 928 
19 221 293 733 

270 
373 


362 
31 
217 
281 
434 
905 
288 
325 
755 

475 584 995 

807 



156 239 830 
800 
820 
305 603 


752 
13 
412 

331 
145 173 492 


569 

422 


531 
410 
249 
400 534 


315 

359 

991 
776 973 
634 678 927 
229 
987 


896 

285 519 

726 
644 
446 
983 
405 806 
100 916 


72 709 
440 
283 531 
351 
22 538 


232 
585 721 798 
74 141 
264 903 


336 440 
500 569 698 
571 
405 724 
221 721 749 


68 
677 


572 
251 883 935 
376 
811 



466 501 
380 
669 684 858 
368 714 
571 


106 429 
337 600 

458 
983 
287 930 

543 
233 998 
127 

391 672 


787 877 
199 
870 


563 



351 
869 

761 

452 730 
614 

238 
180 256 
365 
851 
967 
367 
748 
418 
628 745 
396 
829 937 
143 
907 
124 171 
401 

561 690 


504 

997 
281 
909 
459 607 638 



314 901 
306 729 813 
621 635 

931 
788 
617 765 



413 
226 611 

755 977 

526 552 617 822 





161 487 714 716 
423 552 997 

166 512 
869 

819 
691 

960 
854 

529 

160 



90 553 
997 


225 
556 821 

604 
629 638 
158 292 
467 

530 
803 
423 627 
18 54 88 
4 61 383 
485 798 895 


108 
571 866 
558 
203 764 812 
668 
294 
281 

203 
784 
291 
952 
795 
121 290 356 530 
31 
874 
13 18 
636 
444 529 787 
148 615 
874 
205 
18 499 
774 
934 
755 
298 
56 



227 913 
377 
536 637 711 
353 863 


132 402 

189 
541 
686 


394 
476 
182 

659 697 
958 

857 889 
395 
868 
584 
377 

206 919 
5 355 
423 
282 368 
284 

218 220 221 222 223 224 225 226 228 230 231 234 236 238 242 243 244 246 248 250 252 254 256 258 260 262 264 268 269 270 274 275 278 280 282 283 284 285 286 288 289 290 294 295 296 297 298 299 300 301 302 303 304 305 306 307 308 309 310 311 312 313 314 316 317 318 319 320 321 324 325 326 328 330 331 332 333 334 335 336 337 338 339 340 342 344 346 352 354 356 358 360 362 366 368 377 378 379 380 381 382 383 386 387 389 390 391 392 396 397 401 403 406 408 409 410 411 412 413 415 420 421 424 425 426 427 428 430 431 434 435 436 438 440 443 444 445 446 447 454 456 458 460 461 462 464 466 468 470 472 474 475 476 478 480 482 484 486 488 489 490 492 494 496 498 500 502 503 504 506 508 510 512 514 516 517 528 530 531 532 533 534 535 536 537 538 540 541 542 543 544 545 546 547 548 549 550 551 552 553 554 555 556 557 558 559 560 561 562 563 564 565 566 567 568 569 570 571 572 573 574 575 576 577 578 580 582 583 584 585 586 588 589 590 591 592 593 594 595 597 598 599 600 601 602 603 604 605 606 608 610 613 614 615 616 617 618 619 620 621 622 624 625 626 627 628 629 630 631 632 634 635 636 637 638 639 640 641 642 643 646 647 648 649 650 651 652 654 656 658 659 660 661 662 663 664 665 666 667 668 669 671 672 674 675 676 680 682 683 684 685 686 687 690 691 692 693 694 695 696 698 699 700 702 704 705 706 707 708 709 710 711 712 714 715 716 717 718 719 720 721 722 723 724 725 726 727 728 729 730 731 732 734 736 737 738 739 740 741 742 743 744 746 747 748 749 750 751 752 753 754 755 756 758 760 762 763 764 766 768 770 771 772 773 774 775 776 777 778 779 780 781 784 786 787 788 792 794 795 796 797 798 799 802 803 804 805 806 807 808 810 811 812 816 818 819 820 821 822 823 824 828 829 830 831 833 834 835 836 838 840 842 843 844 845 846 847 848 849 850 851 852 856 857 858 859 860 861 862 863 870 872 874 875 876 877 878 880 882 883 884 890 891 892 893 894 895 929 930 931 960 961 962 963 964 965 966 967 968 969 970 971 972 973 974 975 978 979 980 982 984 986 987 988 989 990 992 994 995 996 998 1000 
1000 1000
321 326 379 563 943 



834 
15 


723 
174 
481 
43 635 
210 
758 

507 
225 
808 
471 753 


267 486 
59 
762 
89 
389 937 
301 

28 
238 560 

118 
155 

686 765 
952 
507 809 956 
538 

3 

849 
625 
256 751 



925 

52 155 965 
197 749 
81 
172 221 

31 


116 482 709 837 

523 


126 304 625 787 
348 



136 

168 518 746 


392 

234 
365 



592 

115 310 517 604 
436 
801 
309 328 341 

516 
809 854 
920 
611 
685 859 
90 981 

575 
540 650 
900 

772 903 
326 426 487 

98 347 460 509 955 



876 


93 499 742 

54 540 

570 884 


372 
142 561 
821 
159 





438 769 
140 334 896 915 

594 
151 411 951 
140 258 689 

905 
3 

344 388 649 
182 547 760 834 
709 
361 
692 
226 
695 
969 
154 
67 493 631 
12 



224 




622 997 
944 
174 336 387 978 
794 
609 
682 730 
726 
152 263 


943 
467 
24 524 
987 


682 
171 498 
957 
296 359 777 
428 737 
848 
208 345 

484 
901 

378 419 
744 


40 378 
196 
898 
882 
640 862 

275 560 
96 141 426 
64 
730 
501 

640 

508 
325 591 661 
553 982 


507 


60 128 359 961 
302 
760 

582 

343 369 

187 855 
356 
128 
340 
519 837 
22 
625 

661 
300 



587 635 
366 799 

374 

22 140 
205 

41 333 
794 
16 561 

972 



159 

712 
182 



991 

350 

893 
674 




64 

43 
684 

736 
378 
429 
224 295 

72 219 
369 700 985 

123 
777 

408 
179 

198 
991 
543 
621 743 876 
259 
73 

430 931 
442 
984 

110 484 845 
951 
376 
148 792 796 973 

18 
599 
826 987 
33 
191 
344 
507 
281 
626 
34 334 
957 
31 926 
684 

95 594 
588 
956 
811 
387 887 
858 
477 
371 436 
915 
313 493 


681 737 827 
256 

51 
383 744 
785 984 
260 887 







4 699 
423 
211 506 
929 
567 581 990 
465 693 705 767 881 
150 423 926 
447 
588 640 
38 336 


108 236 684 

173 462 612 
314 916 
132 237 
113 

300 427 
245 762 
642 805 
953 



89 118 
84 529 
28 
498 
490 
748 
516 
989 
299 530 632 
918 

419 

31 
459 

543 

448 
322 489 551 770 

15 
293 422 445 
20 887 


493 






457 578 791 

834 
45 82 
417 
831 
218 
551 


652 817 
723 



330 

261 

128 480 539 
527 959 
922 


665 840 885 
354 


160 668 920 973 
270 



68 

404 483 777 798 


463 
535 552 
491 664 
365 379 

461 
229 264 854 

335 
730 


580 764 
620 627 
757 
340 

873 



900 




133 833 
357 

305 
695 

99 
770 
315 452 

602 
72 157 
239 
184 
730 
979 

122 
324 




167 
676 

777 
132 756 
7 949 
254 
416 473 803 


500 927 
173 
549 610 
359 432 
182 294 820 
541 
419 441 
354 

352 371 912 978 
47 682 


20 888 
614 630 808 
140 180 
11 416 




36 
91 957 
632 

488 
3 87 

566 
743 861 
321 564 
158 
88 466 606 
691 870 
58 591 
491 895 

567 
190 428 840 872 

841 

123 197 


15 135 
128 905 
741 


427 722 
570 717 
465 
75 582 
541 
785 

273 408 
296 


977 

198 564 
539 
673 
903 
89 830 


627 
920 
425 
50 861 


977 
430 698 747 857 

129 233 364 539 560 

662 

329 715 958 
492 

338 

530 
885 


546 622 

802 
393 776 
966 
280 

387 655 769 
255 342 




1000 
331 535 816 982 



37 

982 
662 
852 
11 802 
261 841 
479 
863 

970 


392 539 
169 974 



246 439 644 

410 434 
568 
795 829 
588 

386 



350 570 764 
85 
594 674 

686 
648 

91 

172 271 668 
399 
43 279 
722 736 903 

439 
591 803 
473 

539 971 

422 815 
293 
150 
572 757 
261 934 



98 567 

10 920 
164 
91 731 
483 


512 
12 


83 162 451 


851 

336 979 

369 
141 235 

142 


212 341 391 


87 
126 843 



60 627 


335 634 

11 



44 706 
46 
704 


912 
229 405 

744 
417 716 724 
166 928 
19 221 293 733 

270 
373 


362 
31 
217 
281 
434 
905 
288 
325 
755 

475 584 995 

807 



156 239 830 
800 
820 
305 603 


752 
13 
412 

331 
145 173 492 


569 

422 


531 
410 
249 
400 534 


315 

359 

991 
776 973 
634 678 927 
229 
987 


896 

285 519 

726 
644 
446 
983 
405 806 
100 916 


72 709 
440 
283 531 
351 
22 538 


232 
585 721 798 
74 141 
264 903 


336 440 
500 569 698 
571 
405 724 
221 721 749 


68 
677 


572 
251 883 935 
376 
811 



466 501 
380 
669 684 858 
368 714 
571 


106 429 
337 600 

458 
983 
287 930 

543 
233 998 
127 

391 672 


787 877 
199 
870 


563 



351 
869 

761 

452 730 
614 

238 
180 256 
365 
851 
967 
367 
748 
418 
628 745 
396 
829 937 
143 
907 
124 171 
401 

561 690 


504 

997 
281 
909 
459 607 638 



314 901 
306 729 813 
621 635 

931 
788 
617 765 



413 
226 611 

755 977 

526 552 617 822 





161 487 714 716 
423 552 997 

166 512 
869 

819 
691 

960 
854 

529 

160 



90 553 
997 


225 
556 821 

604 
629 638 
158 292 
467 

530 
803 
423 627 
18 54 88 
4 61 383 
485 798 895 


108 
571 866 
558 
203 764 812 
668 
294 
281 

203 
784 
291 
952 
795 
121 290 356 530 
31 
874 
13 18 
636 
444 529 787 
148 615 
874 
205 
18 499 
774 
934 
755 
298 
56 



227 913 
377 
536 637 711 
353 863 


132 402 

189 
541 
686 


394 
476 
182 

659 697 
958 

857 889 
395 
868 
584 
377 

206 919 
5 355 
423 
282 368 
284 

218 220 221 222 223 224 225 226 228 230 231 234 236 238 242 243 244 246 248 250 252 254 256 258 260 262 264 268 269 270 274 275 278 280 282 283 284 285 286 288 289 290 294 295 296 297 298 299 300 301 302 303 304 305 306 307 308 309 310 311 312 313 314 316 317 318 319 320 321 324 325 326 328 330 331 332 333 334 335 336 337 338 339 340 342 344 346 352 354 356 358 360 362 366 368 377 378 379 380 381 382 383 386 387 389 390 391 392 396 397 401 403 406 408 409 410 411 412 413 415 420 421 424 425 426 427 428 430 431 434 435 436 438 440 443 444 445 446 447 454 456 458 460 461 462 464 466 468 470 472 474 475 476 478 480 482 484 486 488 489 490 492 494 496 498 500 502 503 504 506 508 510 512 514 516 517 528 530 531 532 533 534 535 536 537 538 540 541 542 543 544 545 546 547 548 549 550 551 552 553 554 555 556 557 558 559 560 561 562 563 564 565 566 567 568 569 570 571 572 573 574 575 576 577 578 580 582 583 584 585 586 588 589 590 591 592 593 594 595 597 598 599 600 601 602 603 604 605 606 608 610 613 614 615 616 617 620 621 622 623 624 625 626 628 629 630 631 632 633 634 635 636 638 639 640 641 642 643 644 645 646 647 648 649 650 651 652 653 654 655 656 658 660 662 663 664 665 666 667 668 669 670 671 672 673 675 676 678 679 680 684 686 687 688 689 690 691 694 695 696 697 698 700 701 702 703 704 705 706 707 708 710 711 712 713 714 715 716 717 718 719 720 721 722 723 724 725 726 727 728 730 732 733 734 735 736 737 738 740 741 742 743 744 745 746 747 748 750 751 752 753 754 755 756 757 758 759 760 761 762 764 766 767 768 770 772 774 775 776 777 778 779 780 781 782 783 784 785 788 792 796 797 798 799 800 801 802 803 806 807 808 809 810 811 812 814 815 816 820 822 823 824 825 826 827 832 833 834 835 836 837 838 839 840 842 844 846 847 848 849 850 851 852 853 854 855 856 857 858 859 874 876 878 879 880 881 882 884 886 887 888 893 894 895 896 897 898 899 933 934 935 964 965 966 967 968 969 970 971 972 973 974 975 976 977 978 979 982 983 984 986 988 990 992 994 995 996 998 1000 
1000 1000
321 326 379 563 943 



834 
15 


723 
174 
481 
43 635 
210 
758 

507 
225 
808 
471 753 


267 486 
59 
762 
89 
389 937 
301 

28 
238 560 

118 
155 

686 765 
952 
507 809 956 
538 

3 

849 
625 
256 751 



925 

52 155 965 
197 749 
81 
172 221 

31 


116 482 709 837 

523 


126 304 625 787 
348 



136 

168 518 746 


392 

234 
365 



592 

115 310 517 604 
436 
801 
309 328 341 

516 
809 854 
920 
611 
685 859 
90 981 

575 
540 650 
900 

772 903 
326 426 487 

98 347 460 509 955 



876 


93 499 742 

54 540 

570 884 


372 
142 561 
821 
159 





438 769 
140 334 896 915 

594 
151 411 951 
140 258 689 

905 
3 

344 388 649 
182 547 760 834 
709 
361 
692 
226 
695 
969 
154 
67 493 631 
12 



224 




622 997 
944 
174 336 387 978 
794 
609 
682 730 
726 
152 263 


943 
467 
24 524 
987 


682 
171 498 
957 
296 359 777 
428 737 
848 
208 345 

484 
901 

378 419 
744 


40 378 
196 
898 
882 
640 862 

275 560 
96 141 426 
64 
730 
501 

640 

508 
325 591 661 
553 982 


507 


60 128 359 961 
302 
760 

582 

343 369 

187 855 
356 
128 
340 
519 837 
22 
625 

661 
300 



587 635 
366 799 

374 

22 140 
205 

41 333 
794 
16 561 

972 



159 

712 
182 



991 

350 

893 
674 




64 

43 
684 

736 
378 
429 
224 295 

72 219 
369 700 985 

123 
777 

408 
179 

198 
991 
543 
621 743 876 
259 
73 

430 931 
442 
984 

110 484 845 
951 
376 
148 792 796 973 

18 
599 
826 987 
33 
191 
344 
507 
281 
626 
34 334 
957 
31 926 
684 

95 594 
588 
956 
811 
387 887 
858 
477 
371 436 
915 
313 493 


681 737 827 
256 

51 
383 744 
785 984 
260 887 







4 699 
423 
211 506 
929 
567 581 990 
465 693 705 767 881 
150 423 926 
447 
588 640 
38 336 


108 236 684 

173 462 612 
314 916 
132 237 
113 

300 427 
245 762 
642 805 
953 



89 118 
84 529 
28 
498 
490 
748 
516 
989 
299 530 632 
918 

419 

31 
459 

543 

448 
322 489 551 770 

15 
293 422 445 
20 887 


493 






457 578 791 

834 
45 82 
417 
831 
218 
551 


652 817 
723 



330 

261 

128 480 539 
527 959 
922 


665 840 885 
354 


160 668 920 973 
270 



68 

404 483 777 798 


463 
535 552 
491 664 
365 379 

461 
229 264 854 

335 
730 


580 764 
620 627 
757 
340 

873 



900 




133 833 
357 

305 
695 

99 
770 
315 452 

602 
72 157 
239 
184 
730 
979 

122 
324 




167 
676 

777 
132 756 
7 949 
254 
416 473 803 


500 927 
173 
549 610 
359 432 
182 294 820 
541 
419 441 
354 

352 371 912 978 
47 682 


20 888 
614 630 808 
140 180 
11 416 




36 
91 957 
632 

488 
3 87 

566 
743 861 
321 564 
158 
88 466 606 
691 870 
58 591 
491 895 

567 
190 428 840 872 

841 

123 197 


15 135 
128 905 
741 


427 722 
570 717 
465 
75 582 
541 
785 

273 408 
296 


977 

198 564 
539 
673 
903 
89 830 


627 
920 
425 
50 861 


977 
430 698 747 857 

129 233 364 539 560 

662 

329 715 958 
492 

338 

530 
885 


546 622 

802 
393 776 
966 
280 

387 655 769 
255 342 




1000 
331 535 816 982 



37 

982 
662 
852 
11 802 
261 841 
479 
863 

970 


392 539 
169 974 



246 439 644 

410 434 
568 
795 829 
588 

386 



350 570 764 
85 
594 674 

686 
648 

91 

172 271 668 
399 
43 279 
722 736 903 

439 
591 803 
473 

539 971 

422 815 
293 
150 
572 757 
261 934 



98 567 

10 920 
164 
91 731 
483 


512 
12 


83 162 451 


851 

336 979 

369 
141 235 

142 


212 341 391 


87 
126 843 



60 627 


335 634 

11 



44 706 
46 
704 


912 
229 405 

744 
417 716 724 
166 928 
19 221 293 733 

270 
373 


362 
31 
217 
281 
434 
905 
288 
325 
755 

475 584 995 

807 



156 239 830 
800 
820 
305 603 


752 
13 
412 

331 
145 173 492 


569 

422 


531 
410 
249 
400 534 


315 

359 

991 
776 973 
634 678 927 
229 
987 


896 

285 519 

726 
644 
446 
983 
405 806 
100 916 


72 709 
440 
283 531 
351 
22 538 


232 
585 721 798 
74 141 
264 903 


336 440 
500 569 698 
571 
405 724 
221 721 749 


68 
677 


572 
251 883 935 
376 
811 



466 501 
380 
669 684 858 
368 714 
571 


106 429 
337 600 

458 
983 
287 930 

543 
233 998 
127 

391 672 


787 877 
199 
870 


563 



351 
869 

761 

452 730 
614 

238 
180 256 
365 
851 
967 
367 
748 
418 
628 745 
396 
829 937 
143 
907 
124 171 
401 

561 690 


504 

997 
281 
909 
459 607 638 



314 901 
306 729 813 
621 635 

931 
788 
617 765 



413 
226 611 

755 977 

526 552 617 822 





161 487 714 716 
423 552 997 

166 512 
869 

819 
691 

960 
854 

529 

160 



90 553 
997 


225 
556 821 

604 
629 638 
158 292 
467 

530 
803 
423 627 
18 54 88 
4 61 383 
485 798 895 


108 
571 866 
558 
203 764 812 
668 
294 
281 

203 
784 
291 
952 
795 
121 290 356 530 
31 
874 
13 18 
636 
444 529 787 
148 615 
874 
205 
18 499 
774 
934 
755 
298 
56 



227 913 
377 
536 637 711 
353 863 


132 402 

189 
541 
686 


394 
476 
182 

659 697 
958 

857 889 
395 
868 
584 
377 

206 919 
5 355 
423 
282 368 
284 

218 220 221 222 223 224 225 226 228 230 231 234 236 238 242 243 244 246 248 250 252 254 256 258 260 262 264 268 269 270 274 275 278 280 282 283 284 285 286 288 289 290 294 295 296 297 298 299 300 301 302 303 304 305 306 307 308 309 310 311 312 313 314 316 317 318 319 320 321 324 325 326 328 330 331 332 333 334 335 336 337 338 339 340 342 344 346 352 354 356 358 360 362 366 368 377 378 379 380 381 382 383 386 387 389 390 391 392 396 397 401 403 406 408 409 410 411 412 413 415 420 421 424 425 426 427 428 430 431 434 435 436 438 440 443 444 445 446 447 454 456 458 460 461 462 464 466 468 470 472 474 475 476 478 480 482 484 486 488 489 490 492 494 496 498 500 502 503 504 506 508 510 512 514 516 517 528 530 531 532 533 534 535 536 537 538 540 541 542 543 544 545 546 547 548 549 550 551 552 553 554 555 556 557 558 559 560 561 562 563 564 565 566 567 568 569 570 571 572 573 574 575 576 577 578 580 582 583 584 585 586 588 589 590 591 592 593 594 595 597 598 599 600 601 602 603 604 605 606 608 610 613 614 615 616 617 618 619 620 621 622 624 625 626 627 628 629 630 631 632 634 635 636 637 638 639 640 641 642 643 646 647 648 649 650 651 652 654 656 658 659 660 661 662 663 664 665 666 667 668 669 671 672 674 675 676 680 682 683 684 685 686 687 690 691 692 693 694 695 696 698 699 700 702 704 705 706 707 708 709 710 711 712 714 715 716 717 718 719 720 721 722 723 724 725 726 727 728 729 730 731 732 734 736 737 738 739 740 741 742 743 744 746 747 748 749 750 751 752 753 754 755 756 758 760 762 763 764 766 768 770 771 772 773 774 775 776 777 778 779 780 781 784 786 787 788 792 794 795 796 797 798 799 802 803 804 805 806 807 808 810 811 812 816 818 819 820 821 822 823 824 828 829 830 831 833 834 835 836 838 840 842 843 844 845 846 847 848 849 850 851 852 856 857 858 859 860 861 862 863 870 872 874 875 876 877 878 880 882 883 884 890 891 892 893 894 895 929 930 931 960 961 962 963 964 965 966 967 968 969 970 971 972 973 974 975 978 979 980 982 984 986 987 988 989 990 992 994 995 996 998 1000 
