100 200
37 47 
81 
7 
20 34 52 
14 19 
2 26 29 40 
2 41 84 

16 17 
28 82 

11 43 69 

27 39 58 69 73 
68 
71 

93 97 
29 46 
25 37 100 
25 37 
5 20 56 68 
29 59 66 70 100 

15 38 44 91 96 
86 
60 67 87 
51 66 
30 72 89 90 
3 38 74 
85 
18 
30 52 56 61 
49 95 
65 79 
94 
6 8 9 11 
29 

12 13 
23 27 30 43 50 68 
51 
65 69 88 
12 51 64 92 
3 20 27 91 
57 
30 52 69 

12 73 
22 91 
56 

57 100 
49 93 
87 100 
5 
74 

96 99 
10 37 74 
43 64 
31 55 
24 25 28 71 
27 98 
29 
90 

2 30 36 47 57 
30 72 
18 68 83 
69 84 

9 26 37 51 
32 77 
22 
8 
5 43 69 79 
16 
6 
19 51 70 85 89 

31 76 
31 46 59 
87 
22 28 38 41 59 

42 66 93 
9 13 57 
85 98 

55 60 85 96 100 
81 
33 35 36 37 38 39 40 41 43 45 46 49 51 53 57 58 59 61 63 65 67 69 71 73 75 77 79 83 84 85 89 90 95 97 98 99 100 
1 2 3 4 6 8 9 10 11 12 13 14 15 16 17 18 19 20 21 22 23 24 25 26 27 28 30 31 32 33 34 35 36 38 39 40 42 44 45 46 47 48 49 50 51 52 53 54 56 57 58 60 66 68 70 72 74 76 80 82 91 92 93 95 96 97 100 
2 3 4 5 9 10 14 16 19 21 22 23 24 25 26 28 33 34 37 38 39 40 41 43 44 47 48 49 51 53 56 57 58 59 60 67 69 71 73 74 75 77 79 81 83 85 87 88 89 91 93 97 99 
1 2 4 6 8 10 12 14 15 16 18 20 22 24 26 28 29 40 42 43 44 45 46 47 48 49 50 52 53 54 55 56 57 58 59 60 61 62 63 64 65 66 67 68 69 70 71 72 73 74 75 76 77 78 79 80 81 82 83 84 85 86 87 88 89 90 92 94 95 97 98 100 
1 2 3 4 5 6 8 9 10 11 12 13 14 15 16 17 19 21 24 25 26 27 28 31 32 33 34 35 36 37 39 40 41 42 43 44 45 46 47 49 50 51 52 53 54 55 56 57 58 59 60 61 62 63 64 65 66 67 69 71 73 74 75 76 77 78 79 80 81 82 83 84 86 87 89 90 91 95 98 99 100 
1 3 4 5 6 7 8 10 11 12 13 14 15 16 17 18 20 21 22 23 24 25 26 27 28 29 30 31 32 33 34 35 36 37 38 40 42 43 44 45 46 47 48 49 50 52 53 54 55 56 57 58 59 60 61 62 63 64 66 68 69 70 72 74 76 77 78 79 80 81 82 83 84 85 86 87 89 90 92 93 94 100 
1 2 3 4 7 8 9 10 11 12 13 14 15 16 17 21 23 24 25 29 33 34 35 36 38 39 40 41 43 45 47 48 49 50 51 52 53 55 56 57 58 59 60 61 62 63 64 65 66 67 68 75 77 79 80 85 86 87 88 89 91 93 95 96 97 98 100 
33 34 35 44 72 73 74 75 76 77 78 79 80 82 83 84 86 87 88 89 92 93 94 96 97 
