1000 2000
272 321 326 379 563 943 
580 752 930 
404 913 

362 834 
15 939 
565 
354 752 773 
436 683 723 768 
131 174 
112 481 
43 635 
187 210 593 
758 
797 
507 
225 499 770 
808 935 
471 753 767 901 
20 
502 
267 486 504 
59 756 
132 260 762 771 
89 
389 937 
301 862 
721 
28 
238 265 336 560 

118 
155 492 553 
843 
686 765 
639 952 
507 809 956 
538 545 
228 
3 40 
581 
849 
242 301 625 784 
256 492 751 776 987 


31 184 631 
925 

52 155 965 
197 749 959 
81 373 
172 221 504 583 
180 803 831 
31 940 
311 840 893 1000 
738 
116 336 391 482 709 837 
83 329 442 
227 523 

272 729 
126 304 625 787 
348 
131 289 

760 781 
136 

70 168 482 518 746 853 940 
412 659 
3 210 556 
392 531 698 
363 
234 978 
365 988 


123 138 
592 
907 
115 310 517 604 959 
436 
494 763 801 
309 328 341 

486 516 
144 809 854 
920 
611 
203 685 859 970 
90 651 981 

556 575 
485 540 650 
675 900 
293 552 762 814 935 
772 903 
326 393 426 487 

98 347 460 509 955 
93 399 

513 
876 

947 
93 366 472 499 742 759 
361 
54 496 540 659 670 
703 
570 884 

436 
70 372 613 
142 561 
355 821 
159 654 


691 

680 
438 769 785 805 
140 334 610 896 915 930 
132 452 886 
9 79 520 594 
151 307 411 951 
140 258 689 
329 912 
905 977 
3 284 703 
464 
344 388 649 
182 547 760 834 
150 597 709 932 
361 436 
692 726 
226 959 
695 
969 
154 376 
35 67 493 631 
12 
411 

371 429 
224 458 
338 643 
413 698 938 
109 398 
236 348 361 416 527 
534 622 997 
944 
174 336 381 387 978 
794 963 
609 618 
160 174 204 682 730 
368 726 
152 263 

236 605 677 
63 943 
467 737 759 818 
24 524 
987 
130 996 
535 
682 942 
171 498 
39 957 
296 359 777 900 
428 737 926 
848 957 
208 345 368 
211 
178 484 
901 

378 419 957 
744 

973 
40 378 787 
196 826 
493 898 
110 142 673 882 
640 862 

275 560 
96 141 426 800 
64 990 
390 730 819 
323 426 501 710 835 

91 640 837 
752 883 931 
131 508 
325 591 661 
141 553 982 
386 
28 
507 627 856 
159 531 
108 
22 60 128 359 469 961 
302 
760 

582 
565 
343 369 470 697 

187 855 
356 852 
128 413 476 
119 340 447 467 
519 837 
22 226 470 
625 
211 
43 661 
300 544 
539 830 
147 

587 635 695 
366 799 
252 425 
28 32 374 503 970 
578 
22 140 481 
205 332 

41 333 340 542 
794 
16 561 
90 
701 851 972 

416 769 

159 493 
410 
290 316 712 
182 
413 
501 607 854 

108 810 826 991 
363 449 943 
350 725 

320 876 893 
140 631 674 

102 139 
70 161 297 433 737 
511 521 
64 971 992 
395 500 521 840 
43 
684 
319 815 
555 580 736 
378 633 
429 
151 224 295 

72 76 219 878 
81 369 700 985 

123 
777 

256 408 682 
179 592 
124 662 967 
198 
614 991 
543 
320 621 634 743 876 
259 
73 645 
960 
430 931 
442 895 
389 984 
281 
110 194 397 484 490 845 
161 271 448 769 951 
376 
148 792 796 973 

18 240 631 925 
197 599 734 
22 826 987 
33 876 
191 838 
344 905 
369 507 
281 
161 466 626 905 
34 334 388 988 
220 404 634 957 
31 653 925 926 
684 
583 
95 441 594 
588 
956 
811 
387 887 
663 858 968 
477 
214 335 371 436 
511 915 
313 493 

193 444 
298 681 737 827 
256 985 

51 504 930 995 
310 343 383 744 
177 222 785 984 
260 887 
51 351 452 
463 977 
125 652 


568 

4 47 429 699 804 
258 423 
211 506 758 
54 311 397 929 
567 581 978 990 
163 465 693 705 767 881 
150 242 423 926 
54 447 
226 588 640 
38 336 


108 191 236 662 684 

166 173 462 612 684 906 
109 314 916 
84 132 237 
113 181 348 
758 917 
300 427 772 
245 762 
642 805 
953 

727 

89 118 
84 296 529 
28 
75 437 498 
490 858 
748 
68 516 
213 645 989 
177 299 530 632 
699 737 918 
552 
419 

31 
459 

543 
396 657 
448 
322 489 551 770 849 
84 
15 557 
293 422 445 
20 887 


138 431 493 
305 
162 959 
661 
836 

70 
457 578 791 
367 
834 
45 82 299 
417 876 
372 805 831 
218 306 982 
551 


278 419 507 652 817 
24 297 723 



188 330 
348 
261 449 

128 480 539 
421 527 957 959 
63 188 922 
869 

56 414 665 717 840 885 
354 543 858 


160 668 920 973 
35 270 686 
346 
333 
942 
68 902 

404 417 483 777 798 847 879 975 
89 609 681 
555 968 
463 745 
328 535 552 
376 491 503 664 959 
365 379 
641 
461 
28 229 264 854 

335 620 690 
190 272 438 452 558 730 
39 232 
311 
580 713 764 
620 624 627 
312 757 944 
340 965 
449 502 
873 
533 
555 
19 
900 

668 772 
424 
48 229 
133 833 
357 371 555 661 

305 
695 887 
387 
99 216 
770 
315 452 
38 
377 602 
72 157 
239 
108 184 
730 753 
33 173 566 979 
75 
122 189 
12 324 
188 977 
822 

764 
167 
64 676 

56 340 546 777 
132 756 
7 492 590 949 996 
254 757 
416 473 803 
440 462 

500 836 927 
173 
549 610 875 
305 359 432 950 
182 294 820 
541 703 802 
419 441 
305 354 

81 352 371 912 978 
47 523 682 
834 

20 662 888 
6 614 630 808 
140 180 947 
11 416 
537 719 
129 287 
388 530 

36 
91 577 957 
345 555 629 632 
862 946 
57 488 
3 87 

566 577 
743 861 
321 326 564 
158 
88 466 606 
307 691 763 870 
58 212 591 
243 491 789 895 
187 749 
567 608 
190 428 489 588 840 872 
662 
841 

123 197 689 
66 

15 135 
128 905 
144 741 
832 

118 427 722 794 798 
28 570 717 
257 465 
75 582 
541 657 
785 
965 
273 408 
296 654 
894 
550 
977 

198 564 872 
539 736 
673 894 
251 903 
89 830 
602 

251 627 
513 920 
425 
50 861 
987 

216 977 
430 698 747 857 
617 
129 233 364 539 560 578 
568 
293 662 718 
260 956 
329 649 715 778 958 
492 
947 
338 

530 
885 


546 622 954 

49 802 
393 765 776 
954 966 
182 280 383 
436 
14 387 655 769 
255 342 
9 925 945 989 

586 
646 
711 1000 
331 535 816 982 

357 

37 
252 371 
982 
662 789 
852 
11 27 802 
261 338 841 
479 
623 863 

495 970 


392 539 
169 592 974 

754 
315 
246 439 644 773 
926 
410 434 777 
160 568 
795 829 
143 400 588 
308 407 
43 386 683 
402 681 903 

550 
350 570 764 
85 852 
594 674 
108 
292 686 
648 
508 
91 810 

172 271 401 668 
4 399 834 
43 279 497 
722 736 903 

327 439 
307 591 803 
473 

268 354 539 971 

422 459 815 
293 
33 150 292 
572 757 
261 934 
356 
502 

98 567 
15 201 
10 920 928 
164 272 945 
78 91 731 
397 483 753 
371 
44 965 
323 512 
12 

182 
83 162 408 451 467 


848 851 

336 979 
429 876 
231 369 658 
141 235 

142 503 832 
596 
434 
212 251 341 391 

540 
87 
126 843 
587 


60 217 448 627 948 

303 
38 335 634 826 

11 291 422 
519 620 
314 317 
806 
44 642 706 
46 
704 

38 
727 912 
229 405 590 
213 
148 636 744 
417 716 724 
166 546 710 855 928 
19 221 250 293 733 
115 493 
270 371 
373 

879 
362 
31 
56 217 260 261 
281 897 
175 434 
64 328 905 
288 
325 739 
755 

4 475 584 995 

807 
747 
422 

156 239 327 387 830 
800 
820 
305 603 738 
16 566 
629 
612 724 752 
13 657 
412 
447 
39 331 
145 173 327 492 
58 795 
375 
255 406 569 

422 
401 

531 638 
243 410 933 
249 
327 400 449 534 

464 
315 
854 
37 221 359 
629 993 
991 
288 776 973 
211 507 634 678 927 
229 678 
400 866 987 
859 939 991 997 

896 
712 
73 285 519 529 
485 
444 726 867 
644 
117 446 781 
451 983 
385 405 806 
92 100 112 711 876 903 916 

684 728 
72 523 618 642 709 
440 927 
89 283 531 
351 
22 43 538 583 804 
858 
371 
232 
585 608 721 798 
74 141 185 309 429 
264 288 409 515 903 


336 440 
500 569 618 698 
564 571 827 
405 724 810 
221 341 538 721 749 

448 529 
68 
677 716 
209 
158 
572 873 
251 318 883 935 
376 590 
658 811 
848 


20 466 501 734 
380 
669 684 858 
368 474 714 953 
168 571 
377 
763 
106 429 443 
337 600 
447 
458 
873 983 
287 930 
118 
5 543 825 
233 264 990 998 
127 705 
27 
200 391 672 
198 
83 
787 877 
199 
870 
192 484 
880 
563 
43 


103 351 
835 869 

559 761 
105 182 
452 730 
393 455 614 644 653 
255 359 
238 429 
180 256 273 356 458 
365 
851 
967 
367 
748 
111 418 615 832 
628 745 
396 853 
137 351 792 829 937 
143 841 
18 907 997 
124 171 
105 401 621 
191 
561 690 
395 
468 
320 504 543 

98 290 997 
155 281 
248 909 
282 330 459 607 638 836 
612 

564 667 
314 901 
256 306 729 730 765 813 909 
621 635 781 
325 
708 931 
156 309 788 866 
617 765 


172 
241 413 601 
226 611 
119 855 
755 977 

526 552 617 632 822 
260 418 993 
618 

695 
695 766 
161 369 387 487 714 716 
423 552 997 
689 
165 166 512 
367 869 939 

819 914 
197 691 
569 1000 
960 
75 501 853 854 

529 
147 496 
160 
133 
925 

90 553 848 
970 997 
592 

225 
556 617 821 

604 
207 629 638 
158 292 
467 
253 
530 
297 803 
423 627 754 
18 54 88 
4 61 383 
485 798 895 
170 353 
39 
108 632 
571 866 
558 997 
203 764 812 
668 
294 573 
281 

188 203 635 
216 326 784 
291 455 540 720 918 
208 952 
795 
121 290 356 530 561 606 754 791 
31 121 499 632 
874 984 
13 18 113 
636 
444 509 529 787 
148 466 615 
47 201 874 
205 
18 499 639 640 
467 774 903 
348 762 934 947 
755 
298 745 
56 83 
539 

350 
227 359 478 913 
377 
247 536 637 711 
353 702 739 863 

801 861 
132 402 
93 402 
189 415 780 918 
541 
106 686 
903 
590 
394 
3 476 
182 652 847 
51 324 951 
195 659 697 
958 
487 539 
857 889 
178 395 
175 868 
83 329 489 584 
377 
425 
206 919 
5 301 355 
423 881 
282 368 656 
284 
602 681 
226 228 229 230 231 232 233 234 236 238 239 242 244 246 250 251 252 254 256 258 260 262 264 266 268 270 272 276 277 278 282 283 286 288 290 291 292 293 294 296 297 298 302 303 304 305 306 307 308 309 310 311 312 313 314 315 316 317 318 319 320 321 322 324 325 326 327 328 329 332 333 334 336 338 339 340 341 342 343 344 345 346 347 348 350 352 354 360 362 364 366 368 370 374 376 385 386 387 388 389 390 391 394 395 397 398 399 400 404 405 409 411 414 416 417 418 419 420 421 423 428 429 432 433 434 435 436 438 439 442 443 444 446 448 451 452 453 454 455 462 464 466 468 469 470 472 474 476 478 480 482 483 484 486 488 490 492 494 496 497 498 500 502 504 506 508 510 511 512 514 516 518 520 522 524 525 536 538 539 540 541 542 543 544 545 546 548 549 550 551 552 553 554 555 556 557 558 559 560 561 562 563 564 565 566 567 568 569 570 571 572 573 574 575 576 577 578 579 580 581 582 583 584 585 586 588 590 591 592 593 594 596 597 598 599 600 601 602 603 605 606 607 608 609 610 611 612 613 614 616 618 621 622 623 624 625 626 627 628 629 630 632 633 634 635 636 637 638 639 640 642 643 644 645 646 647 648 649 650 651 654 655 656 657 658 659 660 662 664 666 667 668 669 670 671 672 673 674 675 676 677 679 680 682 683 684 688 690 691 692 693 694 695 698 699 700 701 702 703 704 706 707 708 710 712 713 714 715 716 717 718 719 720 722 723 724 725 726 727 728 729 730 731 732 733 734 736 737 738 739 740 741 742 743 744 746 747 748 749 750 751 752 753 754 755 756 757 758 760 762 763 764 766 768 770 771 772 773 774 775 776 777 778 779 780 781 783 784 785 786 787 788 792 794 795 796 797 798 799 802 803 804 805 806 807 808 810 811 812 816 818 819 820 824 828 829 830 831 832 833 834 835 836 838 840 842 843 844 845 846 847 848 850 851 852 853 854 855 856 857 858 859 860 864 865 866 867 868 869 870 872 874 875 880 881 882 883 884 888 890 891 892 893 894 895 929 930 931 968 969 970 971 972 973 974 975 978 980 982 983 984 986 987 988 989 992 993 994 996 997 
1000 2000
272 321 326 379 563 943 
580 752 930 
404 913 

362 834 
15 939 
565 
354 752 773 
436 683 723 768 
131 174 
112 481 
43 635 
187 210 593 
758 
797 
507 
225 499 770 
808 935 
471 753 767 901 
20 
502 
267 486 504 
59 756 
132 260 762 771 
89 
389 937 
301 862 
721 
28 
238 265 336 560 

118 
155 492 553 
843 
686 765 
639 952 
507 809 956 
538 545 
228 
3 40 
581 
849 
242 301 625 784 
256 492 751 776 987 


31 184 631 
925 

52 155 965 
197 749 959 
81 373 
172 221 504 583 
180 803 831 
31 940 
311 840 893 1000 
738 
116 336 391 482 709 837 
83 329 442 
227 523 

272 729 
126 304 625 787 
348 
131 289 

760 781 
136 

70 168 482 518 746 853 940 
412 659 
3 210 556 
392 531 698 
363 
234 978 
365 988 


123 138 
592 
907 
115 310 517 604 959 
436 
494 763 801 
309 328 341 

486 516 
144 809 854 
920 
611 
203 685 859 970 
90 651 981 

556 575 
485 540 650 
675 900 
293 552 762 814 935 
772 903 
326 393 426 487 

98 347 460 509 955 
93 399 

513 
876 

947 
93 366 472 499 742 759 
361 
54 496 540 659 670 
703 
570 884 

436 
70 372 613 
142 561 
355 821 
159 654 


691 

680 
438 769 785 805 
140 334 610 896 915 930 
132 452 886 
9 79 520 594 
151 307 411 951 
140 258 689 
329 912 
905 977 
3 284 703 
464 
344 388 649 
182 547 760 834 
150 597 709 932 
361 436 
692 726 
226 959 
695 
969 
154 376 
35 67 493 631 
12 
411 

371 429 
224 458 
338 643 
413 698 938 
109 398 
236 348 361 416 527 
534 622 997 
944 
174 336 381 387 978 
794 963 
609 618 
160 174 204 682 730 
368 726 
152 263 

236 605 677 
63 943 
467 737 759 818 
24 524 
987 
130 996 
535 
682 942 
171 498 
39 957 
296 359 777 900 
428 737 926 
848 957 
208 345 368 
211 
178 484 
901 

378 419 957 
744 

973 
40 378 787 
196 826 
493 898 
110 142 673 882 
640 862 

275 560 
96 141 426 800 
64 990 
390 730 819 
323 426 501 710 835 

91 640 837 
752 883 931 
131 508 
325 591 661 
141 553 982 
386 
28 
507 627 856 
159 531 
108 
22 60 128 359 469 961 
302 
760 

582 
565 
343 369 470 697 

187 855 
356 852 
128 413 476 
119 340 447 467 
519 837 
22 226 470 
625 
211 
43 661 
300 544 
539 830 
147 

587 635 695 
366 799 
252 425 
28 32 374 503 970 
578 
22 140 481 
205 332 

41 333 340 542 
794 
16 561 
90 
701 851 972 

416 769 

159 493 
410 
290 316 712 
182 
413 
501 607 854 

108 810 826 991 
363 449 943 
350 725 

320 876 893 
140 631 674 

102 139 
70 161 297 433 737 
511 521 
64 971 992 
395 500 521 840 
43 
684 
319 815 
555 580 736 
378 633 
429 
151 224 295 

72 76 219 878 
81 369 700 985 

123 
777 

256 408 682 
179 592 
124 662 967 
198 
614 991 
543 
320 621 634 743 876 
259 
73 645 
960 
430 931 
442 895 
389 984 
281 
110 194 397 484 490 845 
161 271 448 769 951 
376 
148 792 796 973 

18 240 631 925 
197 599 734 
22 826 987 
33 876 
191 838 
344 905 
369 507 
281 
161 466 626 905 
34 334 388 988 
220 404 634 957 
31 653 925 926 
684 
583 
95 441 594 
588 
956 
811 
387 887 
663 858 968 
477 
214 335 371 436 
511 915 
313 493 

193 444 
298 681 737 827 
256 985 

51 504 930 995 
310 343 383 744 
177 222 785 984 
260 887 
51 351 452 
463 977 
125 652 


568 

4 47 429 699 804 
258 423 
211 506 758 
54 311 397 929 
567 581 978 990 
163 465 693 705 767 881 
150 242 423 926 
54 447 
226 588 640 
38 336 


108 191 236 662 684 

166 173 462 612 684 906 
109 314 916 
84 132 237 
113 181 348 
758 917 
300 427 772 
245 762 
642 805 
953 

727 

89 118 
84 296 529 
28 
75 437 498 
490 858 
748 
68 516 
213 645 989 
177 299 530 632 
699 737 918 
552 
419 

31 
459 

543 
396 657 
448 
322 489 551 770 849 
84 
15 557 
293 422 445 
20 887 


138 431 493 
305 
162 959 
661 
836 

70 
457 578 791 
367 
834 
45 82 299 
417 876 
372 805 831 
218 306 982 
551 


278 419 507 652 817 
24 297 723 



188 330 
348 
261 449 

128 480 539 
421 527 957 959 
63 188 922 
869 

56 414 665 717 840 885 
354 543 858 


160 668 920 973 
35 270 686 
346 
333 
942 
68 902 

404 417 483 777 798 847 879 975 
89 609 681 
555 968 
463 745 
328 535 552 
376 491 503 664 959 
365 379 
641 
461 
28 229 264 854 

335 620 690 
190 272 438 452 558 730 
39 232 
311 
580 713 764 
620 624 627 
312 757 944 
340 965 
449 502 
873 
533 
555 
19 
900 

668 772 
424 
48 229 
133 833 
357 371 555 661 

305 
695 887 
387 
99 216 
770 
315 452 
38 
377 602 
72 157 
239 
108 184 
730 753 
33 173 566 979 
75 
122 189 
12 324 
188 977 
822 

764 
167 
64 676 

56 340 546 777 
132 756 
7 492 590 949 996 
254 757 
416 473 803 
440 462 

500 836 927 
173 
549 610 875 
305 359 432 950 
182 294 820 
541 703 802 
419 441 
305 354 

81 352 371 912 978 
47 523 682 
834 

20 662 888 
6 614 630 808 
140 180 947 
11 416 
537 719 
129 287 
388 530 

36 
91 577 957 
345 555 629 632 
862 946 
57 488 
3 87 

566 577 
743 861 
321 326 564 
158 
88 466 606 
307 691 763 870 
58 212 591 
243 491 789 895 
187 749 
567 608 
190 428 489 588 840 872 
662 
841 

123 197 689 
66 

15 135 
128 905 
144 741 
832 

118 427 722 794 798 
28 570 717 
257 465 
75 582 
541 657 
785 
965 
273 408 
296 654 
894 
550 
977 

198 564 872 
539 736 
673 894 
251 903 
89 830 
602 

251 627 
513 920 
425 
50 861 
987 

216 977 
430 698 747 857 
617 
129 233 364 539 560 578 
568 
293 662 718 
260 956 
329 649 715 778 958 
492 
947 
338 

530 
885 


546 622 954 

49 802 
393 765 776 
954 966 
182 280 383 
436 
14 387 655 769 
255 342 
9 925 945 989 

586 
646 
711 1000 
331 535 816 982 

357 

37 
252 371 
982 
662 789 
852 
11 27 802 
261 338 841 
479 
623 863 

495 970 


392 539 
169 592 974 

754 
315 
246 439 644 773 
926 
410 434 777 
160 568 
795 829 
143 400 588 
308 407 
43 386 683 
402 681 903 

550 
350 570 764 
85 852 
594 674 
108 
292 686 
648 
508 
91 810 

172 271 401 668 
4 399 834 
43 279 497 
722 736 903 

327 439 
307 591 803 
473 

268 354 539 971 

422 459 815 
293 
33 150 292 
572 757 
261 934 
356 
502 

98 567 
15 201 
10 920 928 
164 272 945 
78 91 731 
397 483 753 
371 
44 965 
323 512 
12 

182 
83 162 408 451 467 


848 851 

336 979 
429 876 
231 369 658 
141 235 

142 503 832 
596 
434 
212 251 341 391 

540 
87 
126 843 
587 


60 217 448 627 948 

303 
38 335 634 826 

11 291 422 
519 620 
314 317 
806 
44 642 706 
46 
704 

38 
727 912 
229 405 590 
213 
148 636 744 
417 716 724 
166 546 710 855 928 
19 221 250 293 733 
115 493 
270 371 
373 

879 
362 
31 
56 217 260 261 
281 897 
175 434 
64 328 905 
288 
325 739 
755 

4 475 584 995 

807 
747 
422 

156 239 327 387 830 
800 
820 
305 603 738 
16 566 
629 
612 724 752 
13 657 
412 
447 
39 331 
145 173 327 492 
58 795 
375 
255 406 569 

422 
401 

531 638 
243 410 933 
249 
327 400 449 534 

464 
315 
854 
37 221 359 
629 993 
991 
288 776 973 
211 507 634 678 927 
229 678 
400 866 987 
859 939 991 997 

896 
712 
73 285 519 529 
485 
444 726 867 
644 
117 446 781 
451 983 
385 405 806 
92 100 112 711 876 903 916 

684 728 
72 523 618 642 709 
440 927 
89 283 531 
351 
22 43 538 583 804 
858 
371 
232 
585 608 721 798 
74 141 185 309 429 
264 288 409 515 903 


336 440 
500 569 618 698 
564 571 827 
405 724 810 
221 341 538 721 749 

448 529 
68 
677 716 
209 
158 
572 873 
251 318 883 935 
376 590 
658 811 
848 


20 466 501 734 
380 
669 684 858 
368 474 714 953 
168 571 
377 
763 
106 429 443 
337 600 
447 
458 
873 983 
287 930 
118 
5 543 825 
233 264 990 998 
127 705 
27 
200 391 672 
198 
83 
787 877 
199 
870 
192 484 
880 
563 
43 


103 351 
835 869 

559 761 
105 182 
452 730 
393 455 614 644 653 
255 359 
238 429 
180 256 273 356 458 
365 
851 
967 
367 
748 
111 418 615 832 
628 745 
396 853 
137 351 792 829 937 
143 841 
18 907 997 
124 171 
105 401 621 
191 
561 690 
395 
468 
320 504 543 

98 290 997 
155 281 
248 909 
282 330 459 607 638 836 
612 

564 667 
314 901 
256 306 729 730 765 813 909 
621 635 781 
325 
708 931 
156 309 788 866 
617 765 


172 
241 413 601 
226 611 
119 855 
755 977 

526 552 617 632 822 
260 418 993 
618 

695 
695 766 
161 369 387 487 714 716 
423 552 997 
689 
165 166 512 
367 869 939 

819 914 
197 691 
569 1000 
960 
75 501 853 854 

529 
147 496 
160 
133 
925 

90 553 848 
970 997 
592 

225 
556 617 821 

604 
207 629 638 
158 292 
467 
253 
530 
297 803 
423 627 754 
18 54 88 
4 61 383 
485 798 895 
170 353 
39 
108 632 
571 866 
558 997 
203 764 812 
668 
294 573 
281 

188 203 635 
216 326 784 
291 455 540 720 918 
208 952 
795 
121 290 356 530 561 606 754 791 
31 121 499 632 
874 984 
13 18 113 
636 
444 509 529 787 
148 466 615 
47 201 874 
205 
18 499 639 640 
467 774 903 
348 762 934 947 
755 
298 745 
56 83 
539 

350 
227 359 478 913 
377 
247 536 637 711 
353 702 739 863 

801 861 
132 402 
93 402 
189 415 780 918 
541 
106 686 
903 
590 
394 
3 476 
182 652 847 
51 324 951 
195 659 697 
958 
487 539 
857 889 
178 395 
175 868 
83 329 489 584 
377 
425 
206 919 
5 301 355 
423 881 
282 368 656 
284 
602 681 
226 228 229 230 231 232 233 234 236 238 239 242 244 246 250 251 252 254 256 258 260 262 264 266 268 270 272 276 277 278 282 283 286 288 290 291 292 293 294 296 297 298 302 303 304 305 306 307 308 309 310 311 312 313 314 315 316 317 318 319 320 321 322 324 325 326 327 328 329 332 333 334 336 338 339 340 341 342 343 344 345 346 347 348 350 352 354 360 362 364 366 368 370 374 376 385 386 387 388 389 390 391 394 395 397 398 399 400 404 405 409 411 414 416 417 418 419 420 421 423 428 429 432 433 434 435 436 438 439 442 443 444 446 448 451 452 453 454 455 462 464 466 468 469 470 472 474 476 478 480 482 483 484 486 488 490 492 494 496 497 498 500 502 504 506 508 510 511 512 514 516 518 520 522 524 525 536 538 539 540 541 542 543 544 545 546 548 549 550 551 552 553 554 555 556 557 558 559 560 561 562 563 564 565 566 567 568 569 570 571 572 573 574 575 576 577 578 579 580 581 582 583 584 585 586 588 590 591 592 593 594 596 597 598 599 600 601 602 603 605 606 607 608 609 610 611 612 613 614 616 618 621 622 623 624 625 626 627 628 629 630 632 633 634 635 636 637 638 639 640 642 643 644 645 646 647 648 649 650 651 654 655 656 657 658 659 660 662 664 666 667 668 669 670 671 672 673 674 675 676 677 679 680 682 683 684 688 690 691 692 693 694 695 698 699 700 701 702 703 704 706 707 708 710 712 713 714 715 716 717 718 719 720 722 723 724 725 726 727 728 729 730 731 732 733 734 736 737 738 739 740 741 742 743 744 746 747 748 749 750 751 752 753 754 755 756 757 758 760 762 763 764 766 768 770 771 772 773 774 775 776 777 778 779 780 781 783 784 785 786 787 788 792 794 795 796 797 798 799 802 803 804 805 806 807 808 810 811 812 816 818 819 820 824 828 829 830 831 832 833 834 835 836 838 840 842 843 844 845 846 847 848 850 851 852 853 854 855 856 857 858 859 860 864 865 866 867 868 869 870 872 874 875 880 881 882 883 884 888 890 891 892 893 894 895 929 930 931 968 969 970 971 972 973 974 975 978 980 982 983 984 986 987 988 989 992 993 994 996 997 
1000 2000
272 321 326 379 563 943 
580 752 930 
404 913 

362 834 
15 939 
565 
354 752 773 
436 683 723 768 
131 174 
112 481 
43 635 
187 210 593 
758 
797 
507 
225 499 770 
808 935 
471 753 767 901 

502 
267 486 504 
59 756 
132 260 762 771 
89 
389 937 
301 862 
721 
28 
238 265 336 560 

118 
155 492 553 
843 
686 765 
639 952 
507 809 956 
538 545 
228 
3 
581 
849 
242 301 625 784 
256 492 751 776 987 


31 184 631 
925 

52 155 965 
197 749 959 
81 373 
172 221 504 583 
180 803 831 
31 940 
311 840 893 1000 
738 
116 336 391 482 709 837 
83 329 442 
227 523 

272 729 
126 304 625 787 
348 
131 289 

760 781 
136 

168 482 518 746 853 940 
412 659 
3 210 556 
392 531 698 
363 
234 978 
365 988 


123 138 
592 
907 
115 310 517 604 959 
436 
494 763 801 
309 328 341 

486 516 
144 809 854 
920 
611 
203 685 859 970 
90 651 981 

556 575 
485 540 650 
675 900 
293 552 762 814 935 
772 903 
326 393 426 487 

98 347 460 509 955 
93 399 

513 
876 

947 
93 366 472 499 742 759 
361 
54 496 540 659 670 
703 
570 884 

436 
70 372 613 
142 561 
355 821 
159 654 


691 

680 
438 769 785 805 
140 334 610 896 915 930 
132 452 886 
9 79 520 594 
151 307 411 951 
140 258 689 
329 912 
905 977 
3 284 703 
464 
344 388 649 
182 547 760 834 
150 597 709 932 
361 436 
692 726 
226 959 
695 
969 
154 376 
35 67 493 631 
12 
411 

371 429 
224 458 
338 643 
413 698 938 
109 398 
236 348 361 416 527 
534 622 997 
944 
174 336 381 387 978 
794 963 
609 618 
160 174 204 682 730 
368 726 
152 263 

236 605 677 
63 943 
467 737 759 818 
24 524 
987 
130 996 
535 
682 942 
171 498 
39 957 
296 359 777 900 
428 737 926 
848 957 
208 345 368 
211 
178 484 
901 

378 419 957 
744 

973 
40 378 787 
196 826 
493 898 
110 142 673 882 
640 862 

275 560 
96 141 426 800 
64 990 
390 730 819 
323 426 501 710 835 

91 640 837 
752 883 931 
131 508 
325 591 661 
141 553 982 
386 
28 
507 627 856 
159 531 
108 
22 60 128 359 469 961 
302 
760 

582 
565 
343 369 470 697 

187 855 
356 852 
128 413 476 
119 340 447 467 
519 837 
22 226 470 
625 
211 
43 661 
300 544 
539 830 
147 

587 635 695 
366 799 
252 425 
28 32 374 503 970 
578 
22 140 481 
205 332 

41 333 340 542 
794 
16 561 
90 
701 851 972 

416 769 

159 493 
410 
290 316 712 
182 
413 
501 607 854 

108 810 826 991 
363 449 943 
350 725 

320 876 893 
140 631 674 

102 139 
70 161 297 433 737 
511 521 
64 971 992 
395 500 521 840 
43 
684 
319 815 
555 580 736 
378 633 
429 
151 224 295 

72 76 219 878 
81 369 700 985 

123 
777 

256 408 682 
179 592 
124 662 967 
198 
614 991 
543 
320 621 634 743 876 
259 
73 645 
960 
430 931 
442 895 
389 984 
281 
110 194 397 484 490 845 
161 271 448 769 951 
376 
148 792 796 973 

18 240 631 925 
197 599 734 
22 826 987 
33 876 
191 838 
344 905 
369 507 
281 
161 466 626 905 
34 334 388 988 
220 404 634 957 
31 653 925 926 
684 
583 
95 441 594 
588 
956 
811 
387 887 
663 858 968 
477 
214 335 371 436 
511 915 
313 493 

193 444 
298 681 737 827 
256 985 

51 504 930 995 
310 343 383 744 
177 222 785 984 
260 887 
51 351 452 
463 977 
125 652 


568 

4 47 429 699 804 
258 423 
211 506 758 
54 311 397 929 
567 581 978 990 
163 465 693 705 767 881 
150 242 423 926 
54 447 
226 588 640 
38 336 


108 191 236 662 684 

166 173 462 612 684 906 
109 314 916 
84 132 237 
113 181 348 
758 917 
300 427 772 
245 762 
642 805 
953 

727 

89 118 
84 296 529 
28 
75 437 498 
490 858 
748 
68 516 
213 645 989 
177 299 530 632 
699 737 918 
552 
419 

31 
459 

543 
396 657 
448 
322 489 551 770 849 
84 
15 557 
293 422 445 
20 887 


138 431 493 
305 
162 959 
661 
836 

70 
457 578 791 
367 
834 
45 82 299 
417 876 
372 805 831 
218 306 982 
551 


278 419 507 652 817 
24 297 723 



188 330 
348 
261 449 

128 480 539 
421 527 957 959 
63 188 922 
869 

56 414 665 717 840 885 
354 543 858 


160 668 920 973 
35 270 686 
346 
333 
942 
68 902 

404 417 483 777 798 847 879 975 
89 609 681 
555 968 
463 745 
328 535 552 
376 491 503 664 959 
365 379 
641 
461 
28 229 264 854 

335 620 690 
190 272 438 452 558 730 
39 232 
311 
580 713 764 
620 624 627 
312 757 944 
340 965 
449 502 
873 
533 
555 
19 
900 

668 772 
424 
48 229 
133 833 
357 371 555 661 

305 
695 887 
387 
99 216 
770 
315 452 
38 
377 602 
72 157 
239 
108 184 
730 753 
33 173 566 979 
75 
122 189 
12 324 
188 977 
822 

764 
167 
64 676 

56 340 546 777 
132 756 
7 492 590 949 996 
254 757 
416 473 803 
440 462 

500 836 927 
173 
549 610 875 
305 359 432 950 
182 294 820 
541 703 802 
419 441 
305 354 

81 352 371 912 978 
47 523 682 
834 

20 662 888 
6 614 630 808 
140 180 947 
11 416 
537 719 
129 287 
388 530 

36 
91 577 957 
345 555 629 632 
862 946 
57 488 
3 87 

566 577 
743 861 
321 326 564 
158 
88 466 606 
307 691 763 870 
58 212 591 
243 491 789 895 
187 749 
567 608 
190 428 489 588 840 872 
662 
841 

123 197 689 
66 

15 135 
128 905 
144 741 
832 

118 427 722 794 798 
28 570 717 
257 465 
75 582 
541 657 
785 
965 
273 408 
296 654 
894 
550 
977 

198 564 872 
539 736 
673 894 
251 903 
89 830 
602 

251 627 
513 920 
425 
50 861 
987 

216 977 
430 698 747 857 
617 
129 233 364 539 560 578 
568 
293 662 718 
260 956 
329 649 715 778 958 
492 
947 
338 

530 
885 


546 622 954 

49 802 
393 765 776 
954 966 
182 280 383 
436 
14 387 655 769 
255 342 
9 925 945 989 

586 
646 
711 1000 
331 535 816 982 

357 

37 
252 371 
982 
662 789 
852 
11 27 802 
261 338 841 
479 
623 863 

495 970 


392 539 
169 592 974 

754 
315 
246 439 644 773 
926 
410 434 777 
160 568 
795 829 
143 400 588 
308 407 
43 386 683 
402 681 903 

550 
350 570 764 
85 852 
594 674 
108 
292 686 
648 
508 
91 810 

172 271 401 668 
4 399 834 
43 279 497 
722 736 903 

327 439 
307 591 803 
473 

268 354 539 971 

422 459 815 
293 
33 150 292 
572 757 
261 934 
356 
502 

98 567 
15 201 
10 920 928 
164 272 945 
78 91 731 
397 483 753 
371 
44 965 
323 512 
12 

182 
83 162 408 451 467 


848 851 

336 979 
429 876 
231 369 658 
141 235 

142 503 832 
596 
434 
212 251 341 391 

540 
87 
126 843 
587 


60 217 448 627 948 

303 
38 335 634 826 

11 291 422 
519 620 
314 317 
806 
44 642 706 
46 
704 

38 
727 912 
229 405 590 
213 
148 636 744 
417 716 724 
166 546 855 928 
19 221 250 293 733 
115 493 
270 371 
373 

879 
362 
31 
56 217 260 261 
281 897 
175 434 
64 328 905 
288 
325 739 
755 

4 475 584 995 

807 
747 
422 

156 239 327 387 830 
800 
820 
305 603 738 
16 566 
629 
612 724 752 
13 657 
412 
447 
39 331 
145 173 327 492 
58 795 
375 
255 406 569 

422 
401 

531 638 
243 410 933 
249 
327 400 449 534 

464 
315 
854 
37 221 359 
629 993 
991 
288 776 973 
211 507 634 678 927 
229 678 
400 866 987 
859 939 991 997 

896 
712 
73 285 519 529 
485 
444 726 867 
644 
117 446 781 
451 983 
385 405 806 
92 100 112 711 876 903 916 

684 728 
72 523 618 642 709 
440 927 
89 283 531 
351 
22 43 538 583 804 
858 
371 
232 
585 608 721 798 
74 141 185 309 429 
264 288 409 515 903 


336 440 
500 569 618 698 
564 571 827 
405 724 810 
221 341 538 721 749 

448 529 
68 
677 716 
209 
158 
572 873 
251 318 883 935 
376 590 
658 811 
848 


20 466 501 734 
380 
669 684 858 
368 474 714 953 
168 571 
377 
763 
106 429 443 
337 600 
447 
458 
873 983 
287 930 
118 
5 543 825 
233 264 990 998 
127 705 
27 
200 391 672 
198 
83 
787 877 
199 
870 
192 484 
880 
563 
43 


103 351 
835 869 

559 761 
105 182 
452 730 
393 455 614 644 653 
255 359 
238 429 
180 256 273 356 458 
365 
851 
967 
367 
748 
111 418 615 832 
628 745 
396 853 
137 351 792 829 937 
143 841 
18 907 997 
124 171 
105 401 621 
191 
561 690 
395 
468 
320 504 543 

98 290 997 
155 281 
248 909 
282 330 459 607 638 836 
612 

564 667 
314 901 
256 306 729 730 765 813 909 
621 635 781 
325 
708 931 
156 309 788 866 
617 765 


172 
241 413 601 
226 611 
119 855 
755 977 

526 552 617 632 822 
260 418 993 
618 

695 
695 766 
161 369 387 487 714 716 
423 552 997 
689 
165 166 512 
367 869 939 

819 914 
197 691 
569 1000 
960 
75 501 853 854 

529 
147 496 
160 
133 
925 

90 553 848 
970 997 
592 

225 
556 617 821 

604 
207 629 638 
158 292 
467 
253 
530 
297 803 
423 627 754 
18 54 88 
4 61 383 
485 798 895 
170 353 
39 
108 632 
571 866 
558 997 
203 764 812 
668 
294 573 
281 

188 203 635 
216 326 784 
291 455 540 720 918 
208 952 
795 
121 290 356 530 561 606 754 791 
31 121 499 632 
874 984 
13 18 113 
636 
444 509 529 787 
148 466 615 
47 201 874 
205 
18 499 639 640 
467 774 903 
348 762 934 947 
755 
298 745 
56 83 
539 

350 
227 359 478 913 
377 
247 536 637 711 
353 702 739 863 

801 861 
132 402 
93 402 
189 415 780 918 
541 
106 686 
903 
590 
394 
3 476 
182 652 847 
51 324 951 
195 659 697 
958 
487 539 
857 889 
178 395 
175 868 
83 329 489 584 
377 
425 
206 919 
5 301 355 
423 881 
282 368 656 
284 
602 681 
226 228 229 230 231 232 233 234 236 238 239 242 244 246 250 251 252 254 256 258 260 262 264 266 268 270 272 276 277 278 282 283 286 288 290 291 292 293 294 296 297 298 302 303 304 305 306 307 308 309 310 311 312 313 314 315 316 317 318 319 320 321 322 324 325 326 327 328 329 332 333 334 336 338 339 340 341 342 343 344 345 346 347 348 350 352 354 360 362 364 366 368 370 374 376 385 386 387 388 389 390 391 394 395 397 398 399 400 404 405 409 411 414 416 417 418 419 420 421 423 428 429 432 433 434 435 436 438 439 442 443 444 446 448 451 452 453 454 455 462 464 466 468 469 470 472 474 476 478 480 482 483 484 486 488 490 492 494 496 497 498 500 502 504 506 508 510 511 512 514 516 518 520 522 524 525 536 538 539 540 541 542 543 544 545 546 548 549 550 551 552 553 554 555 556 557 558 559 560 561 562 563 564 565 566 567 568 569 570 571 572 573 574 575 576 577 578 579 580 581 582 583 584 585 586 588 590 591 592 593 594 596 597 598 599 600 601 602 603 605 606 607 608 609 610 611 612 613 614 616 618 621 622 623 624 625 626 627 628 629 630 632 633 634 635 636 637 638 639 640 642 643 644 645 646 647 648 649 650 651 654 655 656 657 658 659 660 662 664 666 667 668 669 670 671 672 673 674 675 676 677 679 680 682 683 684 688 690 691 692 693 694 695 698 699 700 701 702 703 704 706 707 708 710 712 713 714 715 716 717 718 719 720 722 723 724 725 726 727 728 729 730 731 732 733 734 736 737 738 739 740 741 742 743 744 746 747 748 749 750 751 752 753 754 755 756 757 758 760 762 763 764 766 768 770 771 772 773 774 775 776 777 778 779 780 781 783 784 785 786 787 788 792 794 795 796 797 798 799 802 803 804 805 806 807 808 810 811 812 816 818 819 820 824 828 829 830 831 832 833 834 835 836 838 840 842 843 844 845 846 847 848 850 851 852 853 854 855 856 857 858 859 860 864 865 866 867 868 869 870 872 874 875 880 881 882 883 884 888 890 891 892 893 894 895 929 930 931 968 969 970 971 972 973 974 975 978 980 982 983 984 986 987 988 989 992 993 994 996 997 
1000 2000
272 321 326 379 563 943 
580 752 930 
404 913 

362 834 
15 939 
565 
354 752 773 
436 683 723 768 
131 174 
112 481 
43 635 
187 210 593 
758 
797 
507 
225 499 770 
808 935 
471 753 767 901 

502 
267 486 504 
59 756 
132 260 762 771 
89 
389 937 
301 862 
721 
28 
238 265 336 560 

118 
155 492 553 
843 
686 765 
639 952 
507 809 956 
538 545 
228 
3 
581 
849 
242 301 625 784 
256 492 751 776 987 


31 184 631 
925 

52 155 965 
197 749 959 
81 373 
172 221 504 583 
180 803 831 
31 940 
311 840 893 1000 
738 
116 336 391 482 709 837 
83 329 442 
227 523 

272 729 
126 304 625 787 
348 
131 289 

760 781 
136 

168 482 518 746 853 940 
412 659 
3 210 556 
392 531 698 
363 
234 978 
365 988 


123 138 
592 
907 
115 310 517 604 959 
436 
494 763 801 
309 328 341 

486 516 
144 809 854 
920 
611 
203 685 859 970 
90 651 981 

556 575 
485 540 650 
675 900 
293 552 762 814 935 
772 903 
326 393 426 487 

98 347 460 509 955 
93 399 

513 
876 

947 
93 366 472 499 742 759 
361 
54 496 540 659 670 
703 
570 884 

436 
70 372 613 
142 561 
355 821 
159 654 


691 

680 
438 769 785 805 
140 334 610 896 915 930 
132 452 886 
9 79 520 594 
151 307 411 951 
140 258 689 
329 912 
905 977 
3 284 703 
464 
344 388 649 
182 547 760 834 
150 597 709 932 
361 436 
692 726 
226 959 
695 
969 
154 376 
35 67 493 631 
12 
411 

371 429 
224 458 
338 643 
413 698 938 
109 398 
236 348 361 416 527 
534 622 997 
944 
174 336 381 387 978 
794 963 
609 618 
160 174 204 682 730 
368 726 
152 263 

236 605 677 
63 943 
467 737 759 818 
24 524 
987 
130 996 
535 
682 942 
171 498 
39 957 
296 359 777 900 
428 737 926 
848 957 
208 345 368 
211 
178 484 
901 

378 419 957 
744 

973 
40 378 787 
196 826 
493 898 
110 142 673 882 
640 862 

275 560 
96 141 426 800 
64 990 
390 730 819 
323 426 501 710 835 

91 640 837 
752 883 931 
131 508 
325 591 661 
141 553 982 
386 
28 
507 627 856 
159 531 
108 
22 60 128 359 469 961 
302 
760 

582 
565 
343 369 470 697 

187 855 
356 852 
128 413 476 
119 340 447 467 
519 837 
22 226 470 
625 
211 
43 661 
300 544 
539 830 
147 

587 635 695 
366 799 
252 425 
28 32 374 503 970 
578 
22 140 481 
205 332 

41 333 340 542 
794 
16 561 
90 
701 851 972 

416 769 

159 493 
410 
290 316 712 
182 
413 
501 607 854 

108 810 826 991 
363 449 943 
350 725 

320 876 893 
140 631 674 

102 139 
70 161 297 433 737 
511 521 
64 971 992 
395 500 521 840 
43 
684 
319 815 
555 580 736 
378 633 
429 
151 224 295 

72 76 219 878 
81 369 700 985 

123 
777 

256 408 682 
179 592 
124 662 967 
198 
614 991 
543 
320 621 634 743 876 
259 
73 645 
960 
430 931 
442 895 
389 984 
281 
110 194 397 484 490 845 
161 271 448 769 951 
376 
148 792 796 973 

18 240 631 925 
197 599 734 
22 826 987 
33 876 
191 838 
344 905 
369 507 
281 
161 466 626 905 
34 334 388 988 
220 404 634 957 
31 653 925 926 
684 
583 
95 441 594 
588 
956 
811 
387 887 
663 858 968 
477 
214 335 371 436 
511 915 
313 493 

193 444 
298 681 737 827 
256 985 

51 504 930 995 
310 343 383 744 
177 222 785 984 
260 887 
51 351 452 
463 977 
125 652 


568 

4 47 429 699 804 
258 423 
211 506 758 
54 311 397 929 
567 581 978 990 
163 465 693 705 767 881 
150 242 423 926 
54 447 
226 588 640 
38 336 


108 191 236 662 684 

166 173 462 612 684 906 
109 314 916 
84 132 237 
113 181 348 
758 917 
300 427 772 
245 762 
642 805 
953 

727 

89 118 
84 296 529 
28 
75 437 498 
490 858 
748 
68 516 
213 645 989 
177 299 530 632 
699 737 918 
552 
419 

31 
459 

543 
396 657 
448 
322 489 551 770 849 
84 
15 557 
293 422 445 
20 887 


138 431 493 
305 
162 959 
661 
836 

70 
457 578 791 
367 
834 
45 82 299 
417 876 
372 805 831 
218 306 982 
551 


278 419 507 652 817 
24 297 723 



188 330 
348 
261 449 

128 480 539 
421 527 957 959 
63 188 922 
869 

56 414 665 717 840 885 
354 543 858 


160 668 920 973 
35 270 686 
346 
333 
942 
68 902 

404 417 483 777 798 847 879 975 
89 609 681 
555 968 
463 745 
328 535 552 
376 491 503 664 959 
365 379 
641 
461 
28 229 264 854 

335 620 690 
190 272 438 452 558 730 
39 232 
311 
580 713 764 
620 624 627 
312 757 944 
340 965 
449 502 
873 
533 
555 
19 
900 

668 772 
424 
48 229 
133 833 
357 371 555 661 

305 
695 887 
387 
99 216 
770 
315 452 
38 
377 602 
72 157 
239 
108 184 
730 753 
33 173 566 979 
75 
122 189 
12 324 
188 977 
822 

764 
167 
64 676 

56 340 546 777 
132 756 
7 492 590 949 996 
254 757 
416 473 803 
440 462 

500 836 927 
173 
549 610 875 
305 359 432 950 
182 294 820 
541 703 802 
419 441 
305 354 

81 352 371 912 978 
47 523 682 
834 

20 662 888 
6 614 630 808 
140 180 947 
11 416 
537 719 
129 287 
388 530 

36 
91 577 957 
345 555 629 632 
862 946 
57 488 
3 87 

566 577 
743 861 
321 326 564 
158 
88 466 606 
307 691 763 870 
58 212 591 
243 491 789 895 
187 749 
567 608 
190 428 489 588 840 872 
662 
841 

123 197 689 
66 

15 135 
128 905 
144 741 
832 

118 427 722 794 798 
28 570 717 
257 465 
75 582 
541 657 
785 
965 
273 408 
296 654 
894 
550 
977 

198 564 872 
539 736 
673 894 
251 903 
89 830 
602 

251 627 
513 920 
425 
50 861 
987 

216 977 
430 698 747 857 
617 
129 233 364 539 560 578 
568 
293 662 718 
260 956 
329 649 715 778 958 
492 
947 
338 

530 
885 


546 622 954 

49 802 
393 765 776 
954 966 
182 280 383 
436 
14 387 655 769 
255 342 
9 925 945 989 

586 
646 
711 1000 
331 535 816 982 

357 

37 
252 371 
982 
662 789 
852 
11 27 802 
261 338 841 
479 
623 863 

495 970 


392 539 
169 592 974 

754 
315 
246 439 644 773 
926 
410 434 777 
160 568 
795 829 
143 400 588 
308 407 
43 386 683 
402 681 903 

550 
350 570 764 
85 852 
594 674 
108 
292 686 
648 
508 
91 810 

172 271 401 668 
4 399 834 
43 279 497 
722 736 903 

327 439 
307 591 803 
473 

268 354 539 971 

422 459 815 
293 
33 150 292 
572 757 
261 934 
356 
502 

98 567 
15 201 
10 920 928 
164 272 945 
78 91 731 
397 483 753 
371 
44 965 
323 512 
12 

182 
83 162 408 451 467 


848 851 

336 979 
429 876 
231 369 658 
141 235 

142 503 832 
596 
434 
212 251 341 391 

540 
87 
126 843 
587 


60 217 448 627 948 

303 
38 335 634 826 

11 291 422 
519 620 
314 317 
806 
44 642 706 
46 
704 

38 
727 912 
229 405 590 
213 
148 636 744 
417 716 724 
166 546 855 928 
19 221 250 293 733 
115 493 
270 371 
373 

879 
362 
31 
56 217 260 261 
281 897 
175 434 
64 328 905 
288 
325 739 
755 

4 475 584 995 

807 
747 
422 

156 239 327 387 830 
800 
820 
305 603 738 
16 566 
629 
612 724 752 
13 657 
412 
447 
39 331 
145 173 327 492 
58 795 
375 
255 406 569 

422 
401 

531 638 
243 410 933 
249 
327 400 449 534 

464 
315 
854 
37 221 359 
629 993 
991 
288 776 973 
211 507 634 678 927 
229 678 
400 866 987 
859 939 991 997 

896 
712 
73 285 519 529 
485 
444 726 867 
644 
117 446 781 
451 983 
385 405 806 
92 100 112 711 876 903 916 

684 728 
72 523 618 642 709 
440 927 
89 283 531 
351 
22 43 538 583 804 
858 
371 
232 
585 608 721 798 
74 141 185 309 429 
264 288 409 515 903 


336 440 
500 569 618 698 
564 571 827 
405 724 810 
221 341 538 721 749 

448 529 
68 
677 716 
209 
158 
572 873 
251 318 883 935 
376 590 
658 811 
848 


20 466 501 734 
380 
669 684 858 
368 474 714 953 
168 571 
377 
763 
106 429 443 
337 600 
447 
458 
873 983 
287 930 
118 
5 543 825 
233 264 990 998 
127 705 
27 
200 391 672 
198 
83 
787 877 
199 
870 
192 484 
880 
563 
43 


103 351 
835 869 

559 761 
105 182 
452 730 
393 455 614 644 653 
255 359 
238 429 
180 256 273 356 458 
365 
851 
967 
367 
748 
111 418 615 832 
628 745 
396 853 
137 351 792 829 937 
143 841 
18 907 997 
124 171 
105 401 621 
191 
561 690 
395 
468 
320 504 543 

98 290 997 
155 281 
248 909 
282 330 459 607 638 836 
612 

564 667 
314 901 
256 306 729 730 765 813 909 
621 635 781 
325 
708 931 
156 309 788 866 
617 765 


172 
241 413 601 
226 611 
119 855 
755 977 

526 552 617 632 822 
260 418 993 
618 

695 
695 766 
161 369 387 487 714 716 
423 552 997 
689 
165 166 512 
367 869 939 

819 914 
197 691 
569 1000 
960 
75 501 853 854 

529 
147 496 
160 
133 
925 

90 553 848 
970 997 
592 

225 
556 617 821 

604 
207 629 638 
158 292 
467 
253 
530 
297 803 
423 627 754 
18 54 88 
4 61 383 
485 798 895 
170 353 
39 
108 632 
571 866 
558 997 
203 764 812 
668 
294 573 
281 

188 203 635 
216 326 784 
291 455 540 720 918 
208 952 
795 
121 290 356 530 561 606 754 791 
31 121 499 632 
874 984 
13 18 113 
636 
444 509 529 787 
148 466 615 
47 201 874 
205 
18 499 639 640 
467 774 903 
348 762 934 947 
755 
298 745 
56 83 
539 

350 
227 359 478 913 
377 
247 536 637 711 
353 702 739 863 

801 861 
132 402 
93 402 
189 415 780 918 
541 
106 686 
903 
590 
394 
3 476 
182 652 847 
51 324 951 
195 659 697 
958 
487 539 
857 889 
178 395 
175 868 
83 329 489 584 
377 
425 
206 919 
5 301 355 
423 881 
282 368 656 
284 
602 681 
226 228 229 230 231 232 233 234 236 238 239 242 244 246 250 251 252 254 256 258 260 262 264 266 268 270 272 276 277 278 282 283 286 288 290 291 292 293 294 296 297 298 302 303 304 305 306 307 308 309 310 311 312 313 314 315 316 317 318 319 320 321 322 324 325 326 327 328 329 332 333 334 336 338 339 340 341 342 343 344 345 346 347 348 350 352 354 360 362 364 366 368 370 374 376 385 386 387 388 389 390 391 394 395 397 398 399 400 404 405 409 411 414 416 417 418 419 420 421 423 428 429 432 433 434 435 436 438 439 442 443 444 446 448 451 452 453 454 455 462 464 466 468 469 470 472 474 476 478 480 482 483 484 486 488 490 492 494 496 497 498 500 502 504 506 508 510 511 512 514 516 518 520 522 524 525 536 538 539 540 541 542 543 544 545 546 548 549 550 551 552 553 554 555 556 557 558 559 560 561 562 563 564 565 566 567 568 569 570 571 572 573 574 575 576 577 578 579 580 581 582 583 584 585 586 588 590 591 592 593 594 596 597 598 599 600 601 602 603 605 606 607 608 609 610 611 612 613 614 616 618 621 622 623 624 625 626 627 628 629 630 632 633 634 635 636 637 638 639 640 642 643 644 645 646 647 648 649 650 651 654 655 656 657 658 659 660 662 664 666 667 668 669 670 671 672 673 674 675 676 677 679 680 682 683 684 688 690 691 692 693 694 695 698 699 700 701 702 703 704 706 707 708 710 712 713 714 715 716 717 718 719 720 722 723 724 725 726 727 728 729 730 731 732 733 734 736 737 738 739 740 741 742 743 744 746 747 748 749 750 751 752 753 754 755 756 757 758 760 762 763 764 766 768 770 771 772 773 774 775 776 777 778 779 780 781 783 784 785 786 787 788 792 794 795 796 797 798 799 802 803 804 805 806 807 808 810 811 812 816 818 819 820 824 828 829 830 831 832 833 834 835 836 838 840 842 843 844 845 846 847 848 850 851 852 853 854 855 856 857 858 859 860 864 865 866 867 868 869 870 872 874 875 880 881 882 883 884 888 890 891 892 893 894 895 929 930 931 968 969 970 971 972 973 974 975 978 980 982 983 984 986 987 988 989 992 993 994 996 997 
